              precision    recall  f1-score   support

           0       0.96      0.96      0.96      1404
           1       0.95      0.97      0.96      1590
           2       0.92      0.90      0.91      1395
           3       0.92      0.91      0.91      1462
           4       0.92      0.93      0.93      1374
           5       0.90      0.88      0.89      1245
           6       0.93      0.96      0.95      1334
           7       0.93      0.93      0.93      1447
           8       0.89      0.88      0.88      1321
           9       0.91      0.90      0.90      1428

    accuracy                           0.92     14000
   macro avg       0.92      0.92      0.92     14000
weighted avg       0.92      0.92      0.92     14000
