              precision    recall  f1-score   support

           0       0.95      0.98      0.96      1323
           1       0.96      0.97      0.97      1638
           2       0.91      0.89      0.90      1391
           3       0.90      0.90      0.90      1402
           4       0.92      0.94      0.93      1325
           5       0.90      0.88      0.89      1262
           6       0.94      0.95      0.94      1374
           7       0.94      0.92      0.93      1457
           8       0.91      0.88      0.89      1455
           9       0.89      0.91      0.90      1373

    accuracy                           0.92     14000
   macro avg       0.92      0.92      0.92     14000
weighted avg       0.92      0.92      0.92     14000
