              precision    recall  f1-score   support

           0       0.95      0.98      0.96      1404
           1       0.99      0.98      0.98      1590
           2       0.95      0.96      0.95      1395
           3       0.98      0.93      0.95      1462
           4       0.97      0.96      0.96      1374
           5       0.96      0.92      0.94      1245
           6       0.94      0.98      0.96      1334
           7       0.97      0.96      0.96      1447
           8       0.94      0.94      0.94      1321
           9       0.94      0.96      0.95      1428

    accuracy                           0.96     14000
   macro avg       0.96      0.96      0.96     14000
weighted avg       0.96      0.96      0.96     14000
